4189.461538461538
440.65
4412.588235294118
197.73333333333332
4707.111111111111
5026.0
133.92307692307693
22976.75
3549.625
310.0
6642.333333333333
1084.590909090909
4782.5
595.8333333333334
14628.25
5384.923076923077
4155.625
6057.866666666667
4084.782608695652
1247.45
46410.0
8142.444444444444
376.75
2944.1363636363635
11390.714285714286
3166.0
2344.785714285714
7809.090909090909
10946.0
558.8461538461538
9100.666666666666
4270.409090909091
988.1428571428571
63995.0
26864.0
3149.3636363636365
3437.3333333333335
10763.5
1228.642857142857
15573.5
3830.1111111111113
9113.42857142857
7017.333333333333
1687.1176470588234
889.8
1138.7777777777778
8535.2
1044.5
160.86363636363637
2665.785714285714
9535.333333333334
4156.736842105263
17169.0
4731.333333333333
337.2
11227.4
651.4545454545455
871.8
1836.2666666666667
7742.142857142857
6950.142857142857
28386.0
2031.5652173913043
528.047619047619
3481.214285714286
5399.466666666666
14050.42857142857
5631.588235294118
691.2857142857143
1803.7777777777778
370.5
5681.133333333333
3880.375
2569.9523809523807
2997.0
44634.5
1957.9473684210527
24536.666666666668
6126.7
43580.5
4036.0
9946.888888888889
4836.9375
3783.5384615384614
10569.75
376.4166666666667
2623.9473684210525
9158.0
9735.0
3521.0
12107.0
502.1111111111111
70.0
5212.272727272727
51361.0
791.75
2614.625
8741.5
3978.8888888888887
6299.916666666667
3190.5714285714284
13984.714285714286
7214.666666666667
36423.5
8621.181818181818
5106.111111111111
5410.882352941177
6583.5
5414.4
6220.285714285715
4744.4
34323.5
4840.0
2737.9565217391305
4960.1
652.952380952381
4783.0
39440.0
4488.5
3143.875
1030.8333333333333
1282.1176470588234
1070.6153846153845
11576.714285714286
7457.6
1264.095238095238
15684.5
8904.0
4515.8
3607.8333333333335
3064.2608695652175
1025.142857142857
262.6470588235294
36273.0
1286.1052631578948
4564.555555555556
8501.222222222223
3200.9
23965.666666666668
858.4
954.1875
1279.2173913043478
3127.8
11252.6
10015.0
14493.8
7278.5
724.1578947368421
3050.25
9241.25
1781.0
3472.3478260869565
2425.75
6114.0
74.2
1797.1304347826087
5778.375
5453.944444444444
5481.0
410.60869565217394
7427.153846153846
3168.1428571428573
35191.5
1370.0454545454545
31094.0
5154.388888888889
605.695652173913
4125.526315789473
5358.75
4683.0
2471.0
18573.25
4620.0
2813.8571428571427
8986.5
9067.272727272728
6124.0
7373.846153846154
19481.8
7445.0
4851.266666666666
6074.5
19193.8
8498.181818181818
5218.1578947368425
4417.315789473684
5792.0
1816.3636363636363
2391.3125
16642.666666666668
4259.1578947368425
771.6666666666666
3752.5238095238096
2393.7391304347825
18042.2
4896.5
1302.7333333333333
5019.642857142857
1999.3636363636363
1323.875
4497.642857142857
24151.666666666668
86259.0
2344.722222222222
7717.0
10583.25
2683.8125
1828.0
1248.6
1478.2608695652175
2372.705882352941
1460.1
103.92857142857143
39866.5
1329.3181818181818
26235.5
4407.833333333333
2091.9
5088.0
19823.8
6064.166666666667
3661.8
5314.571428571428
14932.0
4447.0625
4550.0
259.35714285714283
515.0666666666667
19166.0
4003.3333333333335
23975.0
3669.9473684210525
3713.6666666666665
8261.0
2035.375
995.9047619047619
2338.133333333333
23053.75
1291.6666666666667
2367.608695652174
70847.0
4996.55
28441.0
2610.4444444444443
269.7368421052632
2221.625
2836.0
2349.285714285714
1618.3478260869565
3069.05
4328.714285714285
10641.375
16658.0
6687.5
4507.5
4908.923076923077
16184.0
21219.0
4095.0
7131.461538461538
5556.6
10638.0
6218.083333333333
33577.0
6415.166666666667
1493.5714285714287
1979.7777777777778
7042.307692307692
1539.875
1602.9444444444443
1834.5714285714287
4146.0
3702.5714285714284
13388.666666666666
37814.5
7201.727272727273
3691.9
501.3478260869565
1459.6
5481.9375
4428.266666666666
3244.1666666666665
6970.583333333333
4884.5
7088.357142857143
5386.928571428572
7478.4
1006.4285714285714
33670.0
5022.571428571428
3689.9444444444443
3646.25
13383.0
14830.0
9939.75
5009.6
6134.1
888.2
483.52941176470586
675.4666666666667
3953.1739130434785
3228.3846153846152
2372.875
824.3333333333334
64.5
6338.111111111111
2210.909090909091
2371.5
2758.1428571428573
17472.0
415.75
1742.25
8372.9
20758.0
342.94736842105266
755.2
9402.222222222223
3648.1363636363635
4596.684210526316
1230.2105263157894
4538.545454545455
72168.0
4200.555555555556
7942.0
7215.363636363636
10623.0
2370.0
4180.15
371.85714285714283
1545.3478260869565
731.6
63283.0
3893.125
1663.6190476190477
161.45
4795.818181818182
2663.5882352941176
7756.3
683.8
546.3636363636364
4417.733333333334
8048.666666666667
1175.421052631579
3462.777777777778
3492.3636363636365
2754.4285714285716
1303.7
7779.0
9303.0
752.625
6319.888888888889
1105.608695652174
7698.7
5781.4375
2644.75
706.8823529411765
1677.1
3211.285714285714
3387.4166666666665
445.75
385.55
8265.666666666666
3111.0714285714284
5316.4
728.4285714285714
25978.333333333332
3732.2727272727275
411.3888888888889
6436.3
11627.8
328.3125
7256.0
5374.909090909091
4001.6190476190477
3801.769230769231
3919.6666666666665
7380.111111111111
4610.941176470588
13012.0
306.69565217391306
6960.642857142857
2336.0
3020.818181818182
5800.8
7037.0
136.05263157894737
2123.6
4170.1
3795.875
4270.578947368421
5665.0
4445.55
19280.6
205.65217391304347
4189.454545454545
23265.75
28125.0
4023.705882352941
15714.333333333334
3947.6190476190477
2816.5
11264.57142857143
2903.2380952380954
4339.217391304348
626.3809523809524
14278.666666666666
6128.133333333333
1959.5294117647059
779.9230769230769
3920.3636363636365
1279.4375
13442.166666666666
3745.904761904762
10379.333333333334
16900.2
891.421052631579
39899.0
4191.0
3932.35
2839.3636363636365
4493.894736842105
579.2666666666667
9697.6
7409.142857142857
6570.636363636364
69220.0
341.8333333333333
12604.57142857143
3033.0714285714284
6059.833333333333
1151.3333333333333
195.42857142857142
1068.1538461538462
4099.0
1141.857142857143
3563.2
5103.2
500.5652173913044
3253.9285714285716
6132.857142857143
2671.0
6322.5
2595.8
876.0
4922.615384615385
2577.25
39.90909090909091
3847.75
3159.913043478261
4280.388888888889
817.8695652173913
3639.0
3416.5238095238096
4202.8
11768.0
7005.25
1673.85
2327.8823529411766
7635.714285714285
5024.176470588235
2092.625
5415.388888888889
1739.1904761904761
697.65
6360.733333333334
7582.846153846154
6789.2
5532.333333333333
3731.4736842105262
4489.357142857143
7509.0
2988.6
26119.0
8304.166666666666
3296.769230769231
1673.111111111111
84.05882352941177
2251.8
1559.5652173913043
13512.4
16142.833333333334
2622.8333333333335
2226.3888888888887
3768.6666666666665
4013.0
30095.0
3979.4666666666667
4608.0
860.2105263157895
4309.04347826087
8641.6
729.0
6137.933333333333
5179.8
5425.944444444444
2943.809523809524
754.3571428571429
5050.416666666667
7308.416666666667
1460.8666666666666
22458.0
11766.285714285714
35.666666666666664
1294.2857142857142
3142.5789473684213
1044.1333333333334
11680.0
3511.777777777778
52615.0
15970.2
291.94117647058823
516.0666666666667
2577.6923076923076
1828.904761904762
82730.0
11741.875
2903.086956521739
942.7142857142857
6870.153846153846
2747.0
241.84615384615384
4876.588235294118
1055.388888888889
2031.9130434782608
10573.2
4776.2
6875.142857142857
3533.782608695652
50.69230769230769
753.3333333333334
14746.0
5621.5
838.0526315789474
9491.25
7614.384615384615
3312.3333333333335
2084.8333333333335
741.5333333333333
1919.0
9572.57142857143
1958.2857142857142
7459.571428571428
3285.222222222222
10078.57142857143
3590.125
7558.833333333333
3239.684210526316
4085.1052631578946
16495.5
10520.833333333334
6881.0
1015.8
9864.7
5013.5
5046.421052631579
4656.0
3910.05
210.46153846153845
7307.090909090909
4902.473684210527
11594.0
1290.8666666666666
6957.2
46150.5
2793.0454545454545
7906.181818181818
1633.8
2467.1428571428573
4663.6
3858.0
5998.153846153846
90394.0
3403.6666666666665
6356.466666666666
1330.578947368421
5125.277777777777
3570.722222222222
526.8333333333334
42997.0
406.3636363636364
2221.5
5016.526315789473
1317.0833333333333
93094.0
1348.1538461538462
3635.0555555555557
6912.642857142857
4419.272727272727
24001.0
6639.857142857143
1826.25
5742.666666666667
4124.217391304348
4181.666666666667
14215.857142857143
421.3076923076923
986.952380952381
5332.461538461538
1006.5652173913044
7828.416666666667
2036.3809523809523
2657.5
3991.5333333333333
16002.75
4519.523809523809
13810.0
17596.4
930.0
3478.5
4083.6666666666665
26772.666666666668
1843.578947368421
9428.75
1750.5
1802.4
2583.1428571428573
14686.0
4609.1875
153.66666666666666
1768.6363636363637
6856.428571428572
76235.0
4428.25
347.7894736842105
5049.714285714285
3996.1
3679.8695652173915
15680.166666666666
2497.4
3657.6111111111113
11878.142857142857
705.375
2877.1428571428573
9243.666666666666
1352.5555555555557
12488.0
2379.45
6532.083333333333
2508.1176470588234
1484.1666666666667
3368.9444444444443
1265.625
3289.0833333333335
1421.0833333333333
5908.222222222223
764.3529411764706
4385.176470588235
2633.2272727272725
4290.521739130435
8398.75
2836.0
2568.0
7611.7692307692305
340.47058823529414
7546.153846153846
3342.714285714286
2149.2272727272725
2144.0
31380.666666666668
5115.5
96.22727272727273
12322.5
2542.714285714286
5315.384615384615
3413.777777777778
4979.411764705882
836.5714285714286
1207.409090909091
3901.8
3733.625
6482.909090909091
10168.0
3434.75
7658.875
9507.0
1809.3636363636363
3830.6363636363635
2118.8
10180.625
9720.5
1459.9545454545455
75228.0
3100.4761904761904
7437.923076923077
345.0
5909.0
1706.4285714285713
3316.681818181818
680.0
12418.142857142857
5033.0
15609.666666666666
4699.65
5221.166666666667
16597.333333333332
12328.5
496.9
7713.083333333333
3163.9473684210525
79.6923076923077
59476.0
8564.0
2270.5263157894738
2187.7272727272725
3171.285714285714
7827.111111111111
13046.0
4724.25
88207.0
17.0625
5343.416666666667
5341.25
21879.75
8878.57142857143
8418.5
7516.615384615385
2964.6666666666665
23873.0
4314.578947368421
11534.5
343.0
1974.3478260869565
2012.5882352941176
2968.0
4400.533333333334
8626.888888888889
2247.0
16751.0
3307.7727272727275
3880.217391304348
1283.0
3756.230769230769
2849.6153846153848
3670.0
41187.0
1313.55
197.0952380952381
5126.944444444444
15544.0
45484.5
6045.0
625.2727272727273
5487.272727272727
3638.7727272727275
1995.875
477.6470588235294
633.5714285714286
1234.7777777777778
9371.0
3042.75
364.4
8256.7
3827.2
42454.0
4185.681818181818
3355.1052631578946
39606.0
416.53846153846155
34316.0
2967.3636363636365
32350.333333333332
13785.285714285714
2832.9565217391305
11079.714285714286
30974.666666666668
19312.333333333332
6041.6
1833.909090909091
2051.0
43095.0
14383.666666666666
4306.666666666667
1792.55
8996.2
623.2608695652174
3011.5
31334.666666666668
4416.388888888889
5811.25
5722.461538461538
4281.173913043478
4339.1
5058.411764705882
1457.857142857143
7300.0
3181.6666666666665
8621.111111111111
4488.222222222223
7886.0
1497.0
1803.1363636363637
9715.5
6135.125
54002.0
5771.066666666667
70623.0
611.0
240.83333333333334
2540.304347826087
4245.217391304348
4041.181818181818
61671.0
50.80952380952381
7755.090909090909
763.4347826086956
3319.0
36.69565217391305
4806.5
2968.0
5715.8125
2027.608695652174
19181.0
7638.888888888889
4665.619047619048
21448.666666666668
3126.4666666666667
10957.555555555555
18491.5
12025.0
3746.0
5992.8
6361.727272727273
3841.05
22273.0
9181.0
2118.684210526316
870.7777777777778
4645.823529411765
3996.409090909091
14135.75
1133.4285714285713
3825.9565217391305
5044.923076923077
217.125
3941.315789473684
46953.0
93818.0
4403.210526315789
15477.8
4314.190476190476
4512.636363636364
3594.769230769231
312.3333333333333
4277.85
3926.9
2449.7727272727275
2205.176470588235
3894.0625
16764.4
3568.3636363636365
5543.705882352941
19604.0
8942.6
2072.25
6536.272727272727
40523.0
756.0
4204.615384615385
6531.2
49959.0
4981.4
8699.272727272728
17854.0
6453.3
7094.625
23226.25
1526.0
8623.2
5448.333333333333
5745.5
6415.75
6518.0
2946.608695652174
19754.0
262.9
4319.578947368421
12681.714285714286
17717.75
5626.923076923077
3337.9166666666665
3277.2608695652175
6544.571428571428
9490.714285714286
3006.285714285714
961.6666666666666
633.8461538461538
11622.833333333334
825.0588235294117
7619.333333333333
3971.2
4544.882352941177
66464.0
18344.5
3059.2105263157896
2181.25
2401.5263157894738
4283.538461538462
7096.571428571428
1577.2142857142858
1638.5454545454545
7747.166666666667
9033.166666666666
3882.1111111111113
6464.666666666667
10866.0
8048.333333333333
2551.5714285714284
71.8
5952.083333333333
2207.5714285714284
7076.333333333333
2124.0
11528.333333333334
2948.904761904762
41752.5
443.0
2789.777777777778
5202.666666666667
1696.625
9378.714285714286
1499.6470588235295
2033.2
2632.2
3470.35
1800.4375
4003.409090909091
5735.666666666667
2118.5714285714284
4376.6
2200.7391304347825
5744.0
5631.384615384615
5274.2
3618.1666666666665
3626.4
1855.6842105263158
6484.083333333333
2597.5789473684213
46087.0
31402.333333333332
10906.333333333334
29242.0
1905.65
2383.5
726.5714285714286
3750.923076923077
8864.727272727272
718.0526315789474
13863.0
2884.3333333333335
6947.428571428572
265.14285714285717
20457.333333333332
2449.0666666666666
3016.75
3677.4
3692.181818181818
16537.833333333332
2449.391304347826
92166.0
5758.0
16346.833333333334
3803.777777777778
2525.6
1307.2857142857142
187.44444444444446
6325.666666666667
15195.333333333334
6836.5
2479.5789473684213
11447.666666666666
4729.333333333333
3363.4
49723.5
3559.4285714285716
6486.636363636364
22836.25
1082.1904761904761
971.3888888888889
46586.0
14034.333333333334
6427.6
8428.8
6226.857142857143
13094.57142857143
2663.2380952380954
10572.444444444445
2093.3636363636365
4124.7
11571.25
2703.4761904761904
211.69565217391303
6187.0
875.0
4925.0
837.1818181818181
1199.142857142857
1483.6666666666667
2466.8333333333335
2526.1
